7.54834 2.7E-04 -1.386 2.773 0.000 -1.931 7.066 6.931471806 7.496785615
9.22326 1.4E-04 -1.386 3.466 0.000 -2.590 8.576 8.231122769 9.229653566
10.926729 7.0E-05 -1.386 4.159 0.000 -3.270 10.109 9.530773733 10.96252152
12.643036 3.5E-05 -1.386 4.852 0.000 -3.963 11.652 10.8304247 12.69538947
9.22326 1.4E-04 -1.386 3.466 0.000 -2.590 8.576 8.231122769 9.229653566
8.88170 1.4E-04 -0.693 3.466 0.000 -2.590 8.234 7.364688793 8.883079976
8.67999 1.4E-04 -0.288 3.466 0.000 -2.590 8.032 6.857857408 8.680347422
8.53758 1.4E-04 0.000 3.466 0.000 -2.590 7.890 6.498254818 8.536506385
8.18257 1.4E-04 0.693 3.466 0.000 -2.590 7.535 5.631820842 8.189932795
7.94627 1.4E-04 1.099 3.466 0.000 -2.590 7.299 5.124989457 7.987200241
9.86891 1.4E-04 -1.386 3.466 -1.386 -5.298 8.544 8.231122769 9.922800747
9.55478 1.2E-04 -1.386 3.466 -0.693 -3.963 8.564 8.231122769 9.576227156
9.22326 1.4E-04 -1.386 3.466 0.000 -2.590 8.576 8.231122769 9.229653566
8.88170 2.0E-04 -1.386 3.466 0.693 -1.207 8.580 8.231122769 8.883079976
8.67999 2.7E-04 -1.386 3.466 1.099 -0.397 8.581 8.231122769 8.680347422
8.53758 3.5E-04 -1.386 3.466 1.386 0.178 8.582 8.231122769 8.536506385
8.42640 4.2E-04 -1.386 3.466 1.609 0.625 8.583 8.231122769 8.42493461
8.07122 8.0E-04 -1.386 3.466 2.303 2.011 8.574 8.231122769 8.07836102
